16 5.07841e+006 1.04807e+006 0.211628
16 4.844e+006 1.04807e+006 0.220403
17 1.21414e+007 2.09649e+006 0.174893
17 1.20632e+007 2.09655e+006 0.176759
18 2.67515e+007 4.19349e+006 0.157219
18 2.6892e+007 4.19351e+006 0.157803
19 6.15035e+007 8.38752e+006 0.136741
19 6.10347e+007 8.38759e+006 0.137912
20 1.38383e+008 1.67759e+007 0.121493
20 1.40961e+008 1.67759e+007 0.119576
21 4.21868e+008 3.35526e+007 0.0795929
21 4.27681e+008 3.35525e+007 0.0785501
22 1.11102e+009 6.71063e+007 0.0604248
22 1.10464e+009 6.71063e+007 0.0607593
23 2.61032e+009 1.34214e+008 0.0514233
24 6.09163e+009 2.6843e+008 0.0440665
