16 3.56269e+006 1.04805e+006 0.300207
16 3.56269e+006 1.04806e+006 0.300209
17 8.81302e+006 2.09653e+006 0.238393
17 8.81303e+006 2.09653e+006 0.238484
18 2.0173e+007 4.1935e+006 0.207996
18 2.01262e+007 4.1935e+006 0.208432
19 4.61745e+007 8.38758e+006 0.18167
19 4.59558e+007 8.38757e+006 0.182542
20 1.34789e+008 1.67758e+007 0.124469
20 1.3407e+008 1.67758e+007 0.125132
21 3.5727e+008 3.35525e+007 0.0939156
21 3.57177e+008 3.35525e+007 0.0939406
22 9.05911e+008 6.71062e+007 0.0740768
23 2.1409e+009 1.34214e+008 0.062691
24 4.98288e+009 2.64236e+008 0.051084
